1720038248985 0.01609204337000847 0
1720038267020 0.008361746557056904 1
1720038285357 0.006168768275529146 2
1720038303637 0.005797721911221743 3
1720038321834 0.00564592843875289 4
1720038339908 0.005550227127969265 5
1720038358030 0.005540377926081419 6
1720038376364 0.00538965780287981 7
1720038394512 0.005252651404589415 8
1720038412708 0.005236689001321793 9
1720038431118 0.005150257144123316 10
1720038449305 0.005106448195874691 11
1720038468944 0.005090192425996065 12
1720038487129 0.004983662161976099 13
1720038505213 0.004973665811121464 14
1720038524173 0.004941325634717941 15
1720038549378 0.004841204266995192 16
1720038570043 0.004768130369484425 17
1720038589626 0.005090192425996065 18
