1720639374356 0.016377296298742294 0
1720639394200 0.010559258982539177 1
1720639416633 0.009300622157752514 2
1720639439507 0.007669192738831043 3
1720639465182 0.00562288099899888 4
1720639484256 0.005272560752928257 5
1720639503057 0.005162488669157028 6
1720639521895 0.0051152328960597515 7
1720639541646 0.005098311230540276 8
1720639560889 0.0049639795906841755 9
1720639579934 0.0048652044497430325 10
1720639598825 0.00487486133351922 11
1720639617695 0.0048435465432703495 12
1720639636798 0.004800641909241676 13
1720639655700 0.004660146310925484 14
1720639674576 0.004685237538069487 15
1720639694555 0.004671959672123194 16
1720639724965 0.00487486133351922 17
