1726479295355 0.03702011704444885 0
1726479323979 0.020487913861870766 1
1726479347927 0.015038219280540943 2
1726479381748 0.013518239371478558 3
1726479409407 0.012458681128919125 4
1726479435733 0.011837691068649292 5
1726479460480 0.011185768991708755 6
1726479494676 0.010738997720181942 7
1726479521795 0.01044676173478365 8
1726479544552 0.010283736512064934 9
1726479563586 0.010174745693802834 10
1726479586846 0.0100260553881526 11
1726479610648 0.010006658732891083 12
1726479642824 0.009819376282393932 13
1726479667953 0.009732344187796116 14
1726479688039 0.009692218154668808 15
1726479713155 0.009614483453333378 16
1726479738792 0.009557715617120266 17
1726479783871 0.010006658732891083 18
