1724785431139 0.03458524867892265 0
1724785447003 0.016032163053750992 1
1724785463090 0.013446307741105556 2
1724785478463 0.012635868974030018 3
1724785493972 0.01217817422002554 4
1724785509799 0.01183414738625288 5
1724785525538 0.01151219941675663 6
1724785541133 0.011101995594799519 7
1724785557111 0.01066287700086832 8
1724785572736 0.010464368388056755 9
1724785588184 0.01029070932418108 10
1724785603875 0.01013281848281622 11
1724785619467 0.010009783320128918 12
1724785635292 0.009909318760037422 13
1724785651227 0.009760851971805096 14
1724785666625 0.009660117328166962 15
1724785682266 0.009621649980545044 16
1724785697726 0.00954109150916338 17
1724785713716 0.009471562691032887 18
1724785729659 0.00941369030624628 19
1724785747856 0.009378793649375439 20
1724785764806 0.009279216639697552 21
1724785780572 0.00927960779517889 22
1724785803037 0.00954109150916338 23
