1726478400573 0.031128307804465294 0
1726478424470 0.01545341219753027 1
1726478445974 0.013192135840654373 2
1726478467835 0.011830811388790607 3
1726478490939 0.010972432792186737 4
1726478514599 0.0105539346113801 5
1726478537158 0.010342063382267952 6
1726478572507 0.010119879618287086 7
1726478593975 0.009967047721147537 8
1726478618765 0.009912936948239803 9
1726478647795 0.009773052297532558 10
1726478673788 0.009652521461248398 11
1726478705809 0.009589950554072857 12
1726478765786 0.010119879618287086 13
