1750409014108 0.040044818073511124 0
1750409016222 0.017075153067708015 1
1750409018349 0.014081482775509357 2
1750409020413 0.01244951318949461 3
1750409022489 0.011531615629792213 4
1750409024618 0.01124474499374628 5
1750409026729 0.01094428077340126 6
1750409028797 0.010688943788409233 7
1750409030941 0.01050363015383482 8
1750409033045 0.010357356630265713 9
1750409035227 0.010211124084889889 10
1750409037243 0.01007472537457943 11
1750409039296 0.009976648725569248 12
1750409041404 0.00988101027905941 13
1750409043432 0.00980070885270834 14
1750409045411 0.009662291966378689 15
1750409047562 0.009680488146841526 16
1750409049698 0.009522510692477226 17
1750409051709 0.009507021866738796 18
1750409053814 0.009446358308196068 19
