1724273497641 0.027282439172267914 0
1724273520031 0.0141537394374609 1
1724273542511 0.011936389841139317 2
1724273564677 0.010730428621172905 3
1724273586907 0.010092254728078842 4
1724273607660 0.00976489670574665 5
1724273628433 0.009569712914526463 6
1724273649263 0.009459822438657284 7
1724273670374 0.00929831713438034 8
1724273691028 0.009145195595920086 9
1724273711954 0.0090092234313488 10
1724273732986 0.00889303907752037 11
1724273753857 0.008775959722697735 12
1724273780227 0.009459822438657284 13
