1724655592844 0.03388441354036331 0
1724655612563 0.015442213974893093 1
1724655631703 0.013927479274570942 2
1724655654391 0.013229483738541603 3
1724655671620 0.012631389312446117 4
1724655698414 0.011975876986980438 5
1724655721911 0.011552812531590462 6
1724655759129 0.011223209090530872 7
1724655786100 0.010429037734866142 8
1724655819860 0.010000147856771946 9
1724655840866 0.009890320710837841 10
1724655862896 0.009782147593796253 11
1724655883965 0.009652701206505299 12
1724655904178 0.009575403295457363 13
1724655924134 0.009493936784565449 14
1724655946295 0.009452884085476398 15
1724655968136 0.00934993289411068 16
1724655994406 0.009318621829152107 17
1724656014349 0.009302206337451935 18
1724656067331 0.009575403295457363 19
