1720040164244 0.016436466947197914 0
1720040184321 0.00996758695691824 1
1720040204172 0.007896922528743744 2
1720040223597 0.006074802950024605 3
1720040242924 0.005581120029091835 4
1720040262733 0.005485231522470713 5
1720040282161 0.00546204624697566 6
1720040300431 0.005238275974988937 7
1720040318545 0.005087698344141245 8
1720040339117 0.005043611861765385 9
1720040361783 0.005095533560961485 10
1720040381249 0.0050096651539206505 11
1720040399241 0.004866014700382948 12
1720040418982 0.004857840947806835 13
1720040437802 0.004837649408727884 14
1720040456040 0.004801116418093443 15
1720040479306 0.005095533560961485 16
