1724783658891 0.037620119750499725 0
1724783675390 0.019385086372494698 1
1724783691962 0.014534609392285347 2
1724783709756 0.013486848212778568 3
1724783726229 0.012447461485862732 4
1724783742236 0.011611893773078918 5
1724783758766 0.011117229238152504 6
1724783774519 0.010749222710728645 7
1724783790343 0.010461337864398956 8
1724783806259 0.010250234976410866 9
1724783822382 0.01013905368745327 10
1724783838381 0.009979316964745522 11
1724783854263 0.009928267449140549 12
1724783870698 0.009816208854317665 13
1724783886481 0.00974076334387064 14
1724783902610 0.009664869867265224 15
1724783927757 0.01013905368745327 16
