1727262770852 0.05069175735116005 0
1727262782623 0.021399065852165222 1
1727262792408 0.01600189507007599 2
1727262801867 0.015277187339961529 3
1727262811547 0.015112321823835373 4
1727262820893 0.014726115390658379 5
1727262830409 0.013700727373361588 6
1727262840069 0.012736896052956581 7
1727262850262 0.012043803930282593 8
1727262859664 0.011419469490647316 9
1727262869391 0.011163565330207348 10
1727262879166 0.010807197540998459 11
1727262890259 0.010747267864644527 12
1727262899940 0.0106193283572793 13
1727262909414 0.010554066859185696 14
1727262919227 0.010473310947418213 15
1727262928543 0.010428586974740028 16
1727262938239 0.010319157503545284 17
1727262947355 0.010269228368997574 18
1727262956510 0.01025414653122425 19
1727262965934 0.010079465806484222 20
1727262975573 0.010074932128190994 21
1727262985104 0.009980267845094204 22
1727262994094 0.009987414814531803 23
1727263017858 0.010269228368997574 24
