1724659519039 0.03252394497394562 0
1724659546535 0.017747431993484497 1
1724659571419 0.015193694271147251 2
1724659612437 0.01351496484130621 3
1724659660777 0.012896042317152023 4
1724659692255 0.01189182698726654 5
1724659720502 0.011483712121844292 6
1724659749988 0.010996384546160698 7
1724659775674 0.010546915233135223 8
1724659798218 0.010307243093848228 9
1724659841010 0.010204060934484005 10
1724659875985 0.009952777996659279 11
1724659908969 0.009805021807551384 12
1724659938232 0.009747182950377464 13
1724659956417 0.00965958833694458 14
1724659983621 0.009608523920178413 15
1724660003038 0.00955913681536913 16
1724660028600 0.009495643898844719 17
1724660053614 0.0094477953389287 18
1724660082446 0.00939111690968275 19
1724660106023 0.009352343156933784 20
1724660128985 0.009335193783044815 21
1724660158092 0.00955913681536913 22
