1719436058979 0.014398536644876003 0
1719436078214 0.010096816346049309 1
1719436097034 0.009298058226704597 2
1719436116077 0.008581079542636871 3
1719436135470 0.008266260847449303 4
1719436154618 0.007563561666756868 5
1719436173861 0.006266102660447359 6
1719436193421 0.005370280239731073 7
1719436212536 0.005117998458445072 8
1719436231507 0.0050107743591070175 9
1719436250814 0.004960125312209129 10
1719436269786 0.004915406461805105 11
1719436289310 0.004841828253120184 12
1719436312741 0.005370280239731073 13
