1727261239649 0.04228666052222252 0
1727261249220 0.020769385620951653 1
1727261258300 0.014681275933980942 2
1727261267373 0.01306754071265459 3
1727261277022 0.012086210772395134 4
1727261286367 0.011746646836400032 5
1727261295562 0.011405101977288723 6
1727261305199 0.011361842975020409 7
1727261314389 0.011154554784297943 8
1727261324390 0.010965787805616856 9
1727261333604 0.010840318165719509 10
1727261342842 0.010724875144660473 11
1727261352479 0.01057239156216383 12
1727261361904 0.010484515689313412 13
1727261371435 0.01032994780689478 14
1727261406354 0.010965787805616856 15
