1719434930312 0.018803704530000687 0
1719434950420 0.009996762499213219 1
1719434970301 0.008751112967729568 2
1719434988744 0.007547262590378523 3
1719435009744 0.005699667148292065 4
1719435028985 0.005442078225314617 5
1719435047947 0.005180219653993845 6
1719435067395 0.005177412647753954 7
1719435086452 0.005085455719381571 8
1719435105045 0.004975828342139721 9
1719435123760 0.005037979688495398 10
1719435142469 0.00496407737955451 11
1719435160873 0.00492167379707098 12
1719435179513 0.004844361916184425 13
1719435198707 0.004838454071432352 14
1719435217438 0.004788292106240988 15
1719435236197 0.004784248303622007 16
1719435259597 0.00496407737955451 17
