1724700056374 0.031103292480111122 0
1724700072752 0.015549737960100174 1
1724700088972 0.013925435021519661 2
1724700105819 0.012253304943442345 3
1724700123124 0.011124621145427227 4
1724700139501 0.010557498782873154 5
1724700155684 0.010329601354897022 6
1724700172294 0.010130657814443111 7
1724700188653 0.009996150620281696 8
1724700204911 0.009856847114861012 9
1724700221024 0.009762495756149292 10
1724700237432 0.009676273912191391 11
1724700253686 0.009540735743939877 12
1724700270029 0.009478291496634483 13
1724700286373 0.009371577762067318 14
1724700302814 0.009320988319814205 15
1724700322083 0.009190637618303299 16
1724700341726 0.00913939904421568 17
1724700362696 0.009081760421395302 18
1724700385549 0.009008395485579967 19
1724700414294 0.009371577762067318 20
