1721852804677 0.019102204591035843 0
1721852826985 0.009804883040487766 1
1721852845770 0.009348561987280846 2
1721852862985 0.00888765137642622 3
1721852880743 0.008216237649321556 4
1721852898147 0.007129112724214792 5
1721852915922 0.005801946856081486 6
1721852933625 0.005445059854537249 7
1721852951413 0.005240432918071747 8
1721852969235 0.005120265297591686 9
1721852986792 0.005012613255530596 10
1721853005049 0.005101492162793875 11
1721853022695 0.004874448757618666 12
1721853047023 0.005445059854537249 13
