1727262324808 0.03895862028002739 0
1727262335033 0.01817184127867222 1
1727262346435 0.016085665673017502 2
1727262370084 0.013913691975176334 3
1727262394938 0.012403692118823528 4
1727262410228 0.01178671047091484 5
1727262420819 0.011372769251465797 6
1727262431395 0.010986707173287868 7
1727262441088 0.010750108398497105 8
1727262450630 0.01052253507077694 9
1727262460122 0.010428259149193764 10
1727262469787 0.010373754426836967 11
1727262479574 0.010197779163718224 12
1727262489353 0.010047752410173416 13
1727262501014 0.010001410730183125 14
1727262510711 0.009949618019163609 15
1727262537475 0.010428259149193764 16
