1749551941033 0.043490685522556305 0
1749551943108 0.016524076461791992 1
1749551945158 0.01349731720983982 2
1749551947229 0.012452437542378902 3
1749551949308 0.011856687255203724 4
1749551951380 0.011631554923951626 5
1749551953439 0.011256427504122257 6
1749551955546 0.010792325250804424 7
1749551957640 0.010575857944786549 8
1749551959740 0.010461794212460518 9
1749551961836 0.010253510437905788 10
1749551964052 0.01007022988051176 11
1749551966409 0.010018518194556236 12
1749551968632 0.00988424476236105 13
1749551970832 0.009837888181209564 14
1749551972985 0.009760691784322262 15
