1750924174190 0.04594065994024277 0
1750924176205 0.02009749785065651 1
1750924178214 0.014787235297262669 2
1750924180260 0.013709014281630516 3
1750924182337 0.01321779191493988 4
1750924184375 0.012691710144281387 5
1750924186450 0.011855646036565304 6
1750924188604 0.0113991042599082 7
1750924190634 0.011168765835464 8
1750924192635 0.010982041247189045 9
1750924194681 0.010866180993616581 10
1750924196722 0.010713272728025913 11
1750924198735 0.010695711709558964 12
1750924200728 0.010458479635417461 13
1750924202780 0.01032395102083683 14
1750924204831 0.010233297012746334 15
1750924206852 0.01008297223597765 16
1750924208885 0.01004007924348116 17
