1720035032362 0.014606684446334839 0
1720035050579 0.009757142513990402 1
1720035068845 0.008701554499566555 2
1720035087368 0.008190200664103031 3
1720035105621 0.007552841678261757 4
1720035124482 0.0067863669246435165 5
1720035142912 0.005800923332571983 6
1720035161524 0.005227239336818457 7
1720035180545 0.005039633251726627 8
1720035198916 0.004975310992449522 9
1720035217766 0.004877123981714249 10
1720035236142 0.0049112820997834206 11
1720035254344 0.004819000605493784 12
1720035272743 0.004735269583761692 13
1720035291069 0.004774910397827625 14
1720035309367 0.0047777979634702206 15
1720035328330 0.004690330475568771 16
1720035346691 0.004624846391379833 17
1720035365032 0.004640771541744471 18
1720035383499 0.0045853606425225735 19
1720035401770 0.004564096685498953 20
1720035419985 0.004586617927998304 21
1720035438231 0.004549184814095497 22
1720035456359 0.00449399696663022 23
1720035474492 0.004533358383923769 24
1720035492542 0.004510888364166021 25
1720035511143 0.004498629830777645 26
1720035532823 0.004586617927998304 27
