1720640122158 0.01645912043750286 0
1720640152477 0.010111574083566666 1
1720640184117 0.011026628315448761 2
1720640203538 0.009198099374771118 3
1720640222984 0.008300685323774815 4
1720640244528 0.007534778211265802 5
1720640272339 0.006298009771853685 6
1720640292491 0.005553857423365116 7
1720640312573 0.005230318754911423 8
1720640331772 0.005166278220713139 9
1720640350879 0.005072793457657099 10
1720640369980 0.005061458796262741 11
1720640395753 0.004931756295263767 12
1720640423566 0.005553857423365116 13
