1750927376632 0.03863218054175377 0
1750927378617 0.015229413285851479 1
1750927380673 0.012976976111531258 2
1750927382735 0.012065977789461613 3
1750927384790 0.01165281143039465 4
1750927386869 0.01133075449615717 5
1750927388947 0.011088807135820389 6
1750927391029 0.010938094928860664 7
1750927393058 0.010781285353004932 8
1750927395124 0.01059263851493597 9
1750927397234 0.010474747978150845 10
1750927399301 0.010230731219053268 11
1750927401425 0.010163255035877228 12
1750927403520 0.01002123486250639 13
1750927405582 0.009932477958500385 14
1750927407668 0.009913302026689053 15
1750927409790 0.009868262335658073 16
1750927411918 0.00970443431288004 17
1750927413965 0.009607017040252686 18
1750927416099 0.009582428261637688 19
1750927418257 0.009460348635911942 20
1750927420334 0.009406514465808868 21
1750927422402 0.009346101433038712 22
1750927424526 0.009239298291504383 23
1750927426644 0.009235171601176262 24
