1720042926406 0.015559587627649307 0
1720042945187 0.010025846771895885 1
1720042963505 0.007597273215651512 2
1720042982240 0.0058120121248066425 3
1720043000495 0.005546468310058117 4
1720043019320 0.005421657580882311 5
1720043038088 0.005232893396168947 6
1720043056447 0.005148313473910093 7
1720043074617 0.005128770601004362 8
1720043093057 0.0050444165244698524 9
1720043111217 0.0049372888170182705 10
1720043129530 0.004891548305749893 11
1720043148610 0.004896982107311487 12
1720043167726 0.004778480157256126 13
1720043186270 0.00485661905258894 14
1720043204813 0.004726378247141838 15
1720043223162 0.004696110729128122 16
1720043247731 0.004891548305749893 17
