1739441981863 0.0009676815825514495 0
1739442285038 0.0006703979452140629 1
1739442595109 0.00062910484848544 2
1739442900618 0.0006209834245964885 3
1739443209206 0.0006022006273269653 4
1739443508307 0.000598627666477114 5
1739443803954 0.0005855968920513988 6
1739444089179 0.0005792049341835082 7
1739444379635 0.0005709428223781288 8
1739444673534 0.0005658056470565498 9
1739444971653 0.0005551869398914278 10
1739445264472 0.0005508221802301705 11
1739445550584 0.0005451446049846709 12
1739445839546 0.0005376283079385757 13
1739446135261 0.0005348794511519372 14
1739446424402 0.0005257264710962772 15
