1724785974912 0.037036698311567307 0
1724785993016 0.01925066113471985 1
1724786011965 0.015189147554337978 2
1724786029933 0.013920365832746029 3
1724786048100 0.012980833649635315 4
1724786066218 0.011881433427333832 5
1724786084051 0.01117384247481823 6
1724786102144 0.010923289693892002 7
1724786120728 0.010700445622205734 8
1724786138977 0.010431190021336079 9
1724786158680 0.010247768834233284 10
1724786176775 0.010069258511066437 11
1724786194974 0.009954646229743958 12
1724786213176 0.009787756949663162 13
1724786236995 0.009736635722219944 14
1724786257240 0.009601189754903316 15
1724786275849 0.009556705132126808 16
1724786292568 0.009461994282901287 17
1724786309299 0.009403138421475887 18
1724786328801 0.009351622313261032 19
1724786346184 0.009317811578512192 20
1724786362895 0.009243211708962917 21
1724786383301 0.009556705132126808 22
