1724656603069 0.0355578251183033 0
1724656622895 0.019899504259228706 1
1724656643954 0.014929696917533875 2
1724656668285 0.013464313000440598 3
1724656693690 0.012584477663040161 4
1724656719685 0.012093177996575832 5
1724656741066 0.011768068186938763 6
1724656763561 0.01154991053044796 7
1724656791514 0.011381537653505802 8
1724656819960 0.011209668591618538 9
1724656843376 0.011050338856875896 10
1724656869906 0.010655723512172699 11
1724656890214 0.010109089314937592 12
1724656916703 0.009919021278619766 13
1724656944899 0.00976162776350975 14
1724656974725 0.009664645418524742 15
1724656992532 0.00960865244269371 16
1724657010647 0.009530724957585335 17
1724657028363 0.009484890848398209 18
1724657046048 0.009431027807295322 19
1724657064078 0.00938179437071085 20
1724657082669 0.009361008182168007 21
1724657101690 0.00928801391273737 22
1724657120289 0.009301196783781052 23
1724657138288 0.009215199388563633 24
1724657156204 0.00920439139008522 25
1724657181048 0.00938179437071085 26
