1732185852566 0.049107182770967484 0
1732185870733 0.018057806417346 1
1732185883514 0.01339093130081892 2
1732185901339 0.012267454527318478 3
1732185915897 0.011804173700511456 4
1732185929937 0.011443547904491425 5
1732185943498 0.011252648197114468 6
1732185956526 0.011113354936242104 7
1732185969314 0.010987219400703907 8
1732185982481 0.010921887122094631 9
1732185996890 0.010701091960072517 10
1732186017617 0.010583086870610714 11
1732186034758 0.010434363968670368 12
1732186051954 0.010271071456372738 13
1732186106498 0.010987219400703907 14
