1739449756678 0.0002067182504106313 0
1739450004144 6.049557123333216e-05 1
1739455018911 4.6126489905873314e-05 2
1739455252709 3.961018592235632e-05 3
1739455507647 3.705517156049609e-05 4
1739455751665 3.5847020626533777e-05 5
1739455995130 3.4477034205337986e-05 6
1739456244101 3.226711123716086e-05 7
1739456503563 2.959808443847578e-05 8
1739456755413 2.6765084840008058e-05 9
1739456993731 2.7345735361450352e-05 10
1739457224797 2.6811811039806344e-05 11
1739457459145 2.704618418647442e-05 12
