1749551869050 0.03785938397049904 0
1749551871075 0.017178326845169067 1
1749551873094 0.014785666950047016 2
1749551875105 0.013058294542133808 3
1749551877185 0.012062283232808113 4
1749551879207 0.011497419327497482 5
1749551881227 0.01114383153617382 6
1749551883263 0.010813609696924686 7
1749551885290 0.010603360831737518 8
1749551887323 0.010515088215470314 9
1749551889352 0.010335960425436497 10
1749551891408 0.010251595638692379 11
1749551893451 0.010119229555130005 12
1749551895481 0.01000999379903078 13
