1724654399708 0.03190337121486664 0
1724654435636 0.017465874552726746 1
1724654469635 0.013566995970904827 2
1724654499320 0.012447518296539783 3
1724654521610 0.011651862412691116 4
1724654545566 0.010850245133042336 5
1724654567243 0.010199619457125664 6
1724654589940 0.009894130751490593 7
1724654610657 0.009651842527091503 8
1724654633341 0.009479598142206669 9
1724654654011 0.009294267743825912 10
1724654675593 0.009175256825983524 11
1724654697819 0.009059320203959942 12
1724654722787 0.009020984172821045 13
1724654761304 0.008903986774384975 14
1724654804443 0.009479598142206669 15
